 donnees utilisees par le programme d'additivite de liaisons.
          34
   2001     1.74    12.90    -3.83
   2002     1.98   -16.40     2.73
   3001     2.70    24.00   -27.00
   3002     2.70    -4.00   -12.00
   3003     4.90     9.10    21.50
   4001     2.30    17.70    -2.60
   4002     2.10   -12.80     9.30
   5001     3.20    27.00    -0.80
   5002     3.40    -1.50     6.70
   5005     5.40    11.60    -6.00
   7002     5.54    24.65    14.10
   8002     3.34    16.90   -52.50
   9002     2.06    13.60    -4.73
   9003     3.10    24.80   -27.90
  21002     4.64    19.70    -7.40
  21003     5.50    32.50     9.10
  44002     5.14    22.65     2.20
  94001     4.20    26.80   -13.90
  94002     3.70    -0.60   -14.40
  94003     2.20     9.80   -50.50
  94008     5.70    31.60   -77.00
  94021     7.20    35.20   -27.00
  96003     0.00    35.50     9.00
 102003     0.00    43.10    -3.00
 114001     3.00    11.70     3.25
 114002     4.50   -17.40     7.25
 114114     0.00     0.00    10.00
 115001     2.60    13.80     3.20
 115002     2.60   -14.30     6.70
 115007     6.70    26.10    21.70
 115008     4.60    18.60   -39.00
 115021     5.70    21.20    -5.00
 115044     6.30    24.10     9.70
 115115     0.00     0.00     7.50
